{
 "cells": [
  {
   "cell_type": "code",
   "execution_count": 1,
   "metadata": {},
   "outputs": [],
   "source": [
    "import os \n",
    "import json \n",
    "import time \n",
    "import pickle \n",
    "import pandas as pd \n",
    "import csv \n",
    "import datetime\n",
    "import numpy as np\n",
    "from nltk.classify import NaiveBayesClassifier\n",
    "from nltk.corpus import subjectivity\n",
    "from nltk.sentiment import SentimentAnalyzer\n",
    "from nltk.sentiment.util import *\n",
    "\n",
    "tweet_folders = ['/Data1/AAPL/', '/Data1/AAPL_2/', '/Data1/AAPL_3/', '/Data1/AAPL_4/', '/Data1/AAPL_5/', '/Data1/AAPL_6/', '/Data1/AAPL_7/', '/Data1/AAPL_8/', '/Data1/AAPL_9/', '/Data1/AAPL_10/']\n",
    "all_tweet_objects = [] \n",
    "date_tweet_dict = {} \n",
    "date_price_dict = {}\n",
    "\n",
    "for i in range(len(tweet_folders)):\n",
    "\n",
    "\tfiles = os.listdir(os.getcwd() + tweet_folders[i])\n",
    "\n",
    "\tfor file in files:\n",
    "\t    with open(os.getcwd()+ tweet_folders[i] +file, 'r') as f:\n",
    "\t        cur_file_tweets = json.load(f)\n",
    "\n",
    "\t    for tweet_object in cur_file_tweets:\n",
    "\n",
    "\t        tweet_object['time'] = time.strftime('%Y-%m-%d', time.localtime(tweet_object['time']))\n",
    "\t        all_tweet_objects.append(tweet_object)\n",
    "\n",
    "\t        if tweet_object['time'] in date_tweet_dict:\n",
    "\t            date_tweet_dict[tweet_object['time']] = date_tweet_dict[tweet_object['time']] + '; ' + tweet_object['text']\n",
    "\t        else:\n",
    "\t            date_tweet_dict[tweet_object['time']] = tweet_object['text']\n",
    "            \n",
    "            \n",
    "with open(os.getcwd() + '/Data1/CHARTS/APPLE1440.csv') as csv_file: \n",
    "    csv_reader = csv.reader(csv_file, delimiter=',') \n",
    "    line_count = 0 \n",
    "    for row in csv_reader: \n",
    "        priceDate = row[0] \n",
    "        priceDate = datetime.datetime.strptime(priceDate, '%Y.%m.%d').strftime('%Y-%m-%d') \n",
    "        openPrice = row[2] \n",
    "        closePrice = row[5] \n",
    "        line_count += 1 \n",
    "        date_price_dict[priceDate] = closePrice \n",
    "        \n",
    "final_dict = {'tweets' : [], 'close' : [], 'adj_close' : []}\n",
    "\n",
    "validDateList = [] \n",
    "for key, value in date_price_dict.items(): \n",
    "    if key in date_tweet_dict: \n",
    "        validDateList.append(key)  \n",
    "\n",
    "        final_dict['tweets'].append(date_tweet_dict[key]) \n",
    "        final_dict['close'].append(float(value))\n",
    "        final_dict['adj_close'].append(float(value))\n",
    "        \n",
    "df_stocks = pd.DataFrame(final_dict, index=validDateList)\n",
    "df_stocks.sort_index(inplace=True, ascending=True)\n",
    "df_stocks['prices'] = df_stocks['adj_close'].apply(np.int64)\n",
    "df_stocks = df_stocks[['prices', 'tweets']]\n",
    "df = df_stocks[['prices']].copy()\n",
    "df[\"compound\"] = ''\n",
    "df[\"neg\"] = ''\n",
    "df[\"neu\"] = ''\n",
    "df[\"pos\"] = ''"
   ]
  },
  {
   "cell_type": "code",
   "execution_count": 2,
   "metadata": {},
   "outputs": [
    {
     "data": {
      "text/html": [
       "<div>\n",
       "<style scoped>\n",
       "    .dataframe tbody tr th:only-of-type {\n",
       "        vertical-align: middle;\n",
       "    }\n",
       "\n",
       "    .dataframe tbody tr th {\n",
       "        vertical-align: top;\n",
       "    }\n",
       "\n",
       "    .dataframe thead th {\n",
       "        text-align: right;\n",
       "    }\n",
       "</style>\n",
       "<table border=\"1\" class=\"dataframe\">\n",
       "  <thead>\n",
       "    <tr style=\"text-align: right;\">\n",
       "      <th></th>\n",
       "      <th>prices</th>\n",
       "      <th>compound</th>\n",
       "      <th>neg</th>\n",
       "      <th>neu</th>\n",
       "      <th>pos</th>\n",
       "    </tr>\n",
       "  </thead>\n",
       "  <tbody>\n",
       "    <tr>\n",
       "      <th>2014-06-30</th>\n",
       "      <td>93</td>\n",
       "      <td></td>\n",
       "      <td></td>\n",
       "      <td></td>\n",
       "      <td></td>\n",
       "    </tr>\n",
       "    <tr>\n",
       "      <th>2014-07-01</th>\n",
       "      <td>93</td>\n",
       "      <td></td>\n",
       "      <td></td>\n",
       "      <td></td>\n",
       "      <td></td>\n",
       "    </tr>\n",
       "    <tr>\n",
       "      <th>2014-07-02</th>\n",
       "      <td>93</td>\n",
       "      <td></td>\n",
       "      <td></td>\n",
       "      <td></td>\n",
       "      <td></td>\n",
       "    </tr>\n",
       "    <tr>\n",
       "      <th>2014-07-03</th>\n",
       "      <td>94</td>\n",
       "      <td></td>\n",
       "      <td></td>\n",
       "      <td></td>\n",
       "      <td></td>\n",
       "    </tr>\n",
       "    <tr>\n",
       "      <th>2014-07-07</th>\n",
       "      <td>96</td>\n",
       "      <td></td>\n",
       "      <td></td>\n",
       "      <td></td>\n",
       "      <td></td>\n",
       "    </tr>\n",
       "  </tbody>\n",
       "</table>\n",
       "</div>"
      ],
      "text/plain": [
       "            prices compound neg neu pos\n",
       "2014-06-30      93                     \n",
       "2014-07-01      93                     \n",
       "2014-07-02      93                     \n",
       "2014-07-03      94                     \n",
       "2014-07-07      96                     "
      ]
     },
     "execution_count": 2,
     "metadata": {},
     "output_type": "execute_result"
    }
   ],
   "source": [
    "\n",
    "df.head()"
   ]
  },
  {
   "cell_type": "code",
   "execution_count": 3,
   "metadata": {},
   "outputs": [
    {
     "name": "stdout",
     "output_type": "stream",
     "text": [
      "{'neg': 0.05, 'neu': 0.799, 'pos': 0.151, 'compound': 1.0}\n"
     ]
    },
    {
     "name": "stderr",
     "output_type": "stream",
     "text": [
      "/Library/Frameworks/Python.framework/Versions/3.6/lib/python3.6/site-packages/ipykernel_launcher.py:9: FutureWarning: set_value is deprecated and will be removed in a future release. Please use .at[] or .iat[] accessors instead\n",
      "  if __name__ == '__main__':\n",
      "/Library/Frameworks/Python.framework/Versions/3.6/lib/python3.6/site-packages/ipykernel_launcher.py:10: FutureWarning: set_value is deprecated and will be removed in a future release. Please use .at[] or .iat[] accessors instead\n",
      "  # Remove the CWD from sys.path while we load stuff.\n",
      "/Library/Frameworks/Python.framework/Versions/3.6/lib/python3.6/site-packages/ipykernel_launcher.py:11: FutureWarning: set_value is deprecated and will be removed in a future release. Please use .at[] or .iat[] accessors instead\n",
      "  # This is added back by InteractiveShellApp.init_path()\n",
      "/Library/Frameworks/Python.framework/Versions/3.6/lib/python3.6/site-packages/ipykernel_launcher.py:12: FutureWarning: set_value is deprecated and will be removed in a future release. Please use .at[] or .iat[] accessors instead\n",
      "  if sys.path[0] == '':\n"
     ]
    },
    {
     "name": "stdout",
     "output_type": "stream",
     "text": [
      "{'neg': 0.06, 'neu': 0.804, 'pos': 0.136, 'compound': 1.0}\n",
      "{'neg': 0.064, 'neu': 0.801, 'pos': 0.135, 'compound': 1.0}\n",
      "{'neg': 0.056, 'neu': 0.783, 'pos': 0.161, 'compound': 1.0}\n",
      "{'neg': 0.043, 'neu': 0.817, 'pos': 0.14, 'compound': 1.0}\n",
      "{'neg': 0.065, 'neu': 0.796, 'pos': 0.139, 'compound': 1.0}\n",
      "{'neg': 0.06, 'neu': 0.82, 'pos': 0.12, 'compound': 1.0}\n",
      "{'neg': 0.073, 'neu': 0.794, 'pos': 0.133, 'compound': 1.0}\n",
      "{'neg': 0.062, 'neu': 0.822, 'pos': 0.116, 'compound': 0.9999}\n",
      "{'neg': 0.061, 'neu': 0.813, 'pos': 0.126, 'compound': 1.0}\n",
      "{'neg': 0.069, 'neu': 0.803, 'pos': 0.128, 'compound': 1.0}\n",
      "{'neg': 0.089, 'neu': 0.784, 'pos': 0.128, 'compound': 1.0}\n",
      "{'neg': 0.088, 'neu': 0.784, 'pos': 0.129, 'compound': 1.0}\n",
      "{'neg': 0.059, 'neu': 0.804, 'pos': 0.137, 'compound': 1.0}\n",
      "{'neg': 0.045, 'neu': 0.832, 'pos': 0.123, 'compound': 1.0}\n",
      "{'neg': 0.069, 'neu': 0.795, 'pos': 0.136, 'compound': 1.0}\n",
      "{'neg': 0.059, 'neu': 0.802, 'pos': 0.14, 'compound': 1.0}\n",
      "{'neg': 0.064, 'neu': 0.801, 'pos': 0.135, 'compound': 1.0}\n",
      "{'neg': 0.054, 'neu': 0.796, 'pos': 0.149, 'compound': 1.0}\n",
      "{'neg': 0.051, 'neu': 0.82, 'pos': 0.13, 'compound': 1.0}\n",
      "{'neg': 0.064, 'neu': 0.794, 'pos': 0.142, 'compound': 1.0}\n",
      "{'neg': 0.084, 'neu': 0.789, 'pos': 0.127, 'compound': 0.9999}\n",
      "{'neg': 0.09, 'neu': 0.791, 'pos': 0.119, 'compound': 1.0}\n",
      "{'neg': 0.081, 'neu': 0.788, 'pos': 0.131, 'compound': 1.0}\n",
      "{'neg': 0.067, 'neu': 0.823, 'pos': 0.11, 'compound': 0.9999}\n",
      "{'neg': 0.077, 'neu': 0.802, 'pos': 0.121, 'compound': 1.0}\n",
      "{'neg': 0.079, 'neu': 0.794, 'pos': 0.127, 'compound': 1.0}\n",
      "{'neg': 0.079, 'neu': 0.799, 'pos': 0.122, 'compound': 1.0}\n",
      "{'neg': 0.096, 'neu': 0.782, 'pos': 0.122, 'compound': 0.9999}\n",
      "{'neg': 0.07, 'neu': 0.799, 'pos': 0.132, 'compound': 0.9999}\n",
      "{'neg': 0.066, 'neu': 0.809, 'pos': 0.125, 'compound': 0.9999}\n",
      "{'neg': 0.061, 'neu': 0.804, 'pos': 0.136, 'compound': 1.0}\n",
      "{'neg': 0.065, 'neu': 0.805, 'pos': 0.131, 'compound': 0.9999}\n",
      "{'neg': 0.053, 'neu': 0.806, 'pos': 0.142, 'compound': 1.0}\n",
      "{'neg': 0.056, 'neu': 0.814, 'pos': 0.13, 'compound': 1.0}\n",
      "{'neg': 0.056, 'neu': 0.81, 'pos': 0.134, 'compound': 1.0}\n",
      "{'neg': 0.057, 'neu': 0.806, 'pos': 0.137, 'compound': 1.0}\n",
      "{'neg': 0.062, 'neu': 0.81, 'pos': 0.128, 'compound': 1.0}\n",
      "{'neg': 0.072, 'neu': 0.8, 'pos': 0.128, 'compound': 1.0}\n",
      "{'neg': 0.06, 'neu': 0.826, 'pos': 0.114, 'compound': 0.9999}\n",
      "{'neg': 0.064, 'neu': 0.81, 'pos': 0.125, 'compound': 1.0}\n",
      "{'neg': 0.061, 'neu': 0.814, 'pos': 0.125, 'compound': 1.0}\n",
      "{'neg': 0.061, 'neu': 0.799, 'pos': 0.14, 'compound': 1.0}\n",
      "{'neg': 0.058, 'neu': 0.819, 'pos': 0.123, 'compound': 1.0}\n",
      "{'neg': 0.075, 'neu': 0.785, 'pos': 0.14, 'compound': 1.0}\n",
      "{'neg': 0.083, 'neu': 0.783, 'pos': 0.134, 'compound': 1.0}\n",
      "{'neg': 0.084, 'neu': 0.791, 'pos': 0.126, 'compound': 1.0}\n",
      "{'neg': 0.066, 'neu': 0.802, 'pos': 0.132, 'compound': 1.0}\n",
      "{'neg': 0.068, 'neu': 0.808, 'pos': 0.124, 'compound': 1.0}\n",
      "{'neg': 0.098, 'neu': 0.791, 'pos': 0.11, 'compound': 0.9999}\n",
      "{'neg': 0.082, 'neu': 0.807, 'pos': 0.111, 'compound': 1.0}\n",
      "{'neg': 0.075, 'neu': 0.808, 'pos': 0.117, 'compound': 1.0}\n",
      "{'neg': 0.088, 'neu': 0.793, 'pos': 0.119, 'compound': 1.0}\n",
      "{'neg': 0.084, 'neu': 0.797, 'pos': 0.119, 'compound': 1.0}\n",
      "{'neg': 0.097, 'neu': 0.78, 'pos': 0.123, 'compound': 0.9999}\n",
      "{'neg': 0.085, 'neu': 0.793, 'pos': 0.121, 'compound': 1.0}\n",
      "{'neg': 0.068, 'neu': 0.801, 'pos': 0.131, 'compound': 1.0}\n",
      "{'neg': 0.069, 'neu': 0.792, 'pos': 0.139, 'compound': 1.0}\n",
      "{'neg': 0.078, 'neu': 0.793, 'pos': 0.129, 'compound': 1.0}\n",
      "{'neg': 0.07, 'neu': 0.797, 'pos': 0.133, 'compound': 1.0}\n",
      "{'neg': 0.08, 'neu': 0.797, 'pos': 0.124, 'compound': 1.0}\n",
      "{'neg': 0.081, 'neu': 0.779, 'pos': 0.14, 'compound': 1.0}\n",
      "{'neg': 0.083, 'neu': 0.784, 'pos': 0.133, 'compound': 1.0}\n",
      "{'neg': 0.066, 'neu': 0.802, 'pos': 0.132, 'compound': 1.0}\n",
      "{'neg': 0.071, 'neu': 0.792, 'pos': 0.136, 'compound': 1.0}\n",
      "{'neg': 0.063, 'neu': 0.803, 'pos': 0.133, 'compound': 1.0}\n",
      "{'neg': 0.071, 'neu': 0.794, 'pos': 0.135, 'compound': 1.0}\n",
      "{'neg': 0.06, 'neu': 0.806, 'pos': 0.134, 'compound': 1.0}\n",
      "{'neg': 0.08, 'neu': 0.777, 'pos': 0.144, 'compound': 1.0}\n",
      "{'neg': 0.106, 'neu': 0.776, 'pos': 0.118, 'compound': 0.9993}\n",
      "{'neg': 0.057, 'neu': 0.831, 'pos': 0.112, 'compound': 1.0}\n",
      "{'neg': 0.067, 'neu': 0.788, 'pos': 0.145, 'compound': 1.0}\n",
      "{'neg': 0.084, 'neu': 0.766, 'pos': 0.15, 'compound': 1.0}\n",
      "{'neg': 0.066, 'neu': 0.782, 'pos': 0.152, 'compound': 1.0}\n",
      "{'neg': 0.057, 'neu': 0.813, 'pos': 0.129, 'compound': 1.0}\n",
      "{'neg': 0.071, 'neu': 0.78, 'pos': 0.149, 'compound': 1.0}\n",
      "{'neg': 0.068, 'neu': 0.793, 'pos': 0.14, 'compound': 1.0}\n",
      "{'neg': 0.054, 'neu': 0.816, 'pos': 0.131, 'compound': 1.0}\n",
      "{'neg': 0.076, 'neu': 0.8, 'pos': 0.124, 'compound': 0.9999}\n",
      "{'neg': 0.084, 'neu': 0.767, 'pos': 0.149, 'compound': 0.9999}\n",
      "{'neg': 0.066, 'neu': 0.816, 'pos': 0.118, 'compound': 0.9999}\n",
      "{'neg': 0.049, 'neu': 0.796, 'pos': 0.155, 'compound': 1.0}\n",
      "{'neg': 0.065, 'neu': 0.794, 'pos': 0.141, 'compound': 1.0}\n",
      "{'neg': 0.072, 'neu': 0.792, 'pos': 0.136, 'compound': 1.0}\n",
      "{'neg': 0.061, 'neu': 0.81, 'pos': 0.129, 'compound': 1.0}\n",
      "{'neg': 0.058, 'neu': 0.811, 'pos': 0.131, 'compound': 1.0}\n",
      "{'neg': 0.073, 'neu': 0.799, 'pos': 0.128, 'compound': 1.0}\n",
      "{'neg': 0.062, 'neu': 0.806, 'pos': 0.131, 'compound': 1.0}\n",
      "{'neg': 0.071, 'neu': 0.808, 'pos': 0.122, 'compound': 1.0}\n",
      "{'neg': 0.062, 'neu': 0.802, 'pos': 0.136, 'compound': 1.0}\n",
      "{'neg': 0.066, 'neu': 0.796, 'pos': 0.137, 'compound': 1.0}\n",
      "{'neg': 0.057, 'neu': 0.792, 'pos': 0.151, 'compound': 1.0}\n",
      "{'neg': 0.065, 'neu': 0.812, 'pos': 0.123, 'compound': 0.9999}\n",
      "{'neg': 0.093, 'neu': 0.778, 'pos': 0.129, 'compound': 1.0}\n",
      "{'neg': 0.079, 'neu': 0.8, 'pos': 0.121, 'compound': 1.0}\n",
      "{'neg': 0.071, 'neu': 0.801, 'pos': 0.128, 'compound': 1.0}\n",
      "{'neg': 0.085, 'neu': 0.786, 'pos': 0.128, 'compound': 1.0}\n",
      "{'neg': 0.085, 'neu': 0.773, 'pos': 0.141, 'compound': 1.0}\n",
      "{'neg': 0.087, 'neu': 0.791, 'pos': 0.122, 'compound': 1.0}\n",
      "{'neg': 0.07, 'neu': 0.781, 'pos': 0.149, 'compound': 1.0}\n",
      "{'neg': 0.091, 'neu': 0.788, 'pos': 0.121, 'compound': 1.0}\n",
      "{'neg': 0.08, 'neu': 0.786, 'pos': 0.134, 'compound': 1.0}\n",
      "{'neg': 0.083, 'neu': 0.791, 'pos': 0.125, 'compound': 1.0}\n",
      "{'neg': 0.076, 'neu': 0.792, 'pos': 0.133, 'compound': 1.0}\n",
      "{'neg': 0.074, 'neu': 0.802, 'pos': 0.123, 'compound': 1.0}\n",
      "{'neg': 0.067, 'neu': 0.798, 'pos': 0.134, 'compound': 1.0}\n",
      "{'neg': 0.066, 'neu': 0.793, 'pos': 0.141, 'compound': 1.0}\n",
      "{'neg': 0.058, 'neu': 0.803, 'pos': 0.14, 'compound': 1.0}\n",
      "{'neg': 0.064, 'neu': 0.807, 'pos': 0.128, 'compound': 1.0}\n",
      "{'neg': 0.064, 'neu': 0.808, 'pos': 0.128, 'compound': 1.0}\n",
      "{'neg': 0.064, 'neu': 0.789, 'pos': 0.147, 'compound': 1.0}\n",
      "{'neg': 0.041, 'neu': 0.8, 'pos': 0.159, 'compound': 1.0}\n",
      "{'neg': 0.068, 'neu': 0.819, 'pos': 0.113, 'compound': 0.9999}\n",
      "{'neg': 0.07, 'neu': 0.785, 'pos': 0.145, 'compound': 1.0}\n",
      "{'neg': 0.081, 'neu': 0.775, 'pos': 0.144, 'compound': 1.0}\n",
      "{'neg': 0.089, 'neu': 0.793, 'pos': 0.117, 'compound': 1.0}\n",
      "{'neg': 0.083, 'neu': 0.792, 'pos': 0.125, 'compound': 1.0}\n",
      "{'neg': 0.096, 'neu': 0.778, 'pos': 0.126, 'compound': 1.0}\n",
      "{'neg': 0.073, 'neu': 0.797, 'pos': 0.13, 'compound': 1.0}\n",
      "{'neg': 0.059, 'neu': 0.805, 'pos': 0.135, 'compound': 1.0}\n",
      "{'neg': 0.092, 'neu': 0.788, 'pos': 0.12, 'compound': 1.0}\n",
      "{'neg': 0.084, 'neu': 0.777, 'pos': 0.138, 'compound': 1.0}\n",
      "{'neg': 0.075, 'neu': 0.787, 'pos': 0.138, 'compound': 1.0}\n",
      "{'neg': 0.087, 'neu': 0.784, 'pos': 0.129, 'compound': 1.0}\n",
      "{'neg': 0.093, 'neu': 0.793, 'pos': 0.114, 'compound': 1.0}\n",
      "{'neg': 0.084, 'neu': 0.774, 'pos': 0.142, 'compound': 1.0}\n",
      "{'neg': 0.065, 'neu': 0.795, 'pos': 0.14, 'compound': 1.0}\n",
      "{'neg': 0.064, 'neu': 0.796, 'pos': 0.14, 'compound': 1.0}\n",
      "{'neg': 0.069, 'neu': 0.789, 'pos': 0.142, 'compound': 1.0}\n",
      "{'neg': 0.073, 'neu': 0.787, 'pos': 0.14, 'compound': 1.0}\n",
      "{'neg': 0.067, 'neu': 0.796, 'pos': 0.137, 'compound': 1.0}\n",
      "{'neg': 0.079, 'neu': 0.778, 'pos': 0.143, 'compound': 1.0}\n",
      "{'neg': 0.072, 'neu': 0.784, 'pos': 0.144, 'compound': 1.0}\n",
      "{'neg': 0.075, 'neu': 0.781, 'pos': 0.143, 'compound': 1.0}\n",
      "{'neg': 0.073, 'neu': 0.78, 'pos': 0.147, 'compound': 1.0}\n",
      "{'neg': 0.073, 'neu': 0.778, 'pos': 0.149, 'compound': 1.0}\n",
      "{'neg': 0.074, 'neu': 0.789, 'pos': 0.136, 'compound': 1.0}\n",
      "{'neg': 0.072, 'neu': 0.794, 'pos': 0.134, 'compound': 1.0}\n"
     ]
    },
    {
     "name": "stdout",
     "output_type": "stream",
     "text": [
      "{'neg': 0.066, 'neu': 0.807, 'pos': 0.128, 'compound': 1.0}\n",
      "{'neg': 0.084, 'neu': 0.797, 'pos': 0.12, 'compound': 1.0}\n",
      "{'neg': 0.073, 'neu': 0.775, 'pos': 0.152, 'compound': 1.0}\n",
      "{'neg': 0.059, 'neu': 0.799, 'pos': 0.142, 'compound': 1.0}\n",
      "{'neg': 0.056, 'neu': 0.802, 'pos': 0.142, 'compound': 1.0}\n",
      "{'neg': 0.058, 'neu': 0.801, 'pos': 0.141, 'compound': 1.0}\n",
      "{'neg': 0.06, 'neu': 0.802, 'pos': 0.138, 'compound': 1.0}\n",
      "{'neg': 0.064, 'neu': 0.823, 'pos': 0.113, 'compound': 1.0}\n",
      "{'neg': 0.073, 'neu': 0.8, 'pos': 0.127, 'compound': 1.0}\n",
      "{'neg': 0.078, 'neu': 0.802, 'pos': 0.121, 'compound': 1.0}\n",
      "{'neg': 0.064, 'neu': 0.803, 'pos': 0.133, 'compound': 1.0}\n",
      "{'neg': 0.054, 'neu': 0.797, 'pos': 0.148, 'compound': 1.0}\n",
      "{'neg': 0.073, 'neu': 0.788, 'pos': 0.139, 'compound': 1.0}\n",
      "{'neg': 0.074, 'neu': 0.789, 'pos': 0.138, 'compound': 1.0}\n",
      "{'neg': 0.073, 'neu': 0.799, 'pos': 0.128, 'compound': 1.0}\n",
      "{'neg': 0.084, 'neu': 0.797, 'pos': 0.119, 'compound': 1.0}\n",
      "{'neg': 0.07, 'neu': 0.806, 'pos': 0.124, 'compound': 1.0}\n",
      "{'neg': 0.075, 'neu': 0.799, 'pos': 0.126, 'compound': 1.0}\n",
      "{'neg': 0.07, 'neu': 0.802, 'pos': 0.128, 'compound': 1.0}\n",
      "{'neg': 0.088, 'neu': 0.79, 'pos': 0.122, 'compound': 1.0}\n",
      "{'neg': 0.08, 'neu': 0.788, 'pos': 0.131, 'compound': 1.0}\n",
      "{'neg': 0.061, 'neu': 0.809, 'pos': 0.13, 'compound': 1.0}\n",
      "{'neg': 0.073, 'neu': 0.797, 'pos': 0.131, 'compound': 1.0}\n",
      "{'neg': 0.08, 'neu': 0.795, 'pos': 0.125, 'compound': 1.0}\n",
      "{'neg': 0.07, 'neu': 0.802, 'pos': 0.128, 'compound': 1.0}\n",
      "{'neg': 0.085, 'neu': 0.8, 'pos': 0.115, 'compound': 1.0}\n",
      "{'neg': 0.074, 'neu': 0.808, 'pos': 0.118, 'compound': 1.0}\n",
      "{'neg': 0.062, 'neu': 0.816, 'pos': 0.122, 'compound': 1.0}\n",
      "{'neg': 0.06, 'neu': 0.806, 'pos': 0.134, 'compound': 1.0}\n",
      "{'neg': 0.083, 'neu': 0.806, 'pos': 0.111, 'compound': 1.0}\n",
      "{'neg': 0.094, 'neu': 0.782, 'pos': 0.124, 'compound': 1.0}\n",
      "{'neg': 0.076, 'neu': 0.806, 'pos': 0.118, 'compound': 1.0}\n",
      "{'neg': 0.079, 'neu': 0.802, 'pos': 0.119, 'compound': 1.0}\n",
      "{'neg': 0.086, 'neu': 0.792, 'pos': 0.122, 'compound': 1.0}\n",
      "{'neg': 0.072, 'neu': 0.794, 'pos': 0.135, 'compound': 1.0}\n",
      "{'neg': 0.101, 'neu': 0.781, 'pos': 0.118, 'compound': 0.9999}\n",
      "{'neg': 0.072, 'neu': 0.811, 'pos': 0.117, 'compound': 1.0}\n",
      "{'neg': 0.071, 'neu': 0.812, 'pos': 0.117, 'compound': 1.0}\n",
      "{'neg': 0.096, 'neu': 0.796, 'pos': 0.108, 'compound': 0.9999}\n",
      "{'neg': 0.065, 'neu': 0.805, 'pos': 0.13, 'compound': 1.0}\n",
      "{'neg': 0.076, 'neu': 0.791, 'pos': 0.133, 'compound': 1.0}\n",
      "{'neg': 0.081, 'neu': 0.787, 'pos': 0.132, 'compound': 1.0}\n",
      "{'neg': 0.089, 'neu': 0.797, 'pos': 0.114, 'compound': 1.0}\n",
      "{'neg': 0.074, 'neu': 0.807, 'pos': 0.119, 'compound': 1.0}\n",
      "{'neg': 0.077, 'neu': 0.797, 'pos': 0.126, 'compound': 1.0}\n",
      "{'neg': 0.073, 'neu': 0.806, 'pos': 0.121, 'compound': 1.0}\n",
      "{'neg': 0.084, 'neu': 0.797, 'pos': 0.119, 'compound': 1.0}\n",
      "{'neg': 0.079, 'neu': 0.803, 'pos': 0.118, 'compound': 1.0}\n",
      "{'neg': 0.075, 'neu': 0.804, 'pos': 0.121, 'compound': 1.0}\n",
      "{'neg': 0.083, 'neu': 0.793, 'pos': 0.125, 'compound': 1.0}\n",
      "{'neg': 0.068, 'neu': 0.793, 'pos': 0.139, 'compound': 1.0}\n",
      "{'neg': 0.091, 'neu': 0.795, 'pos': 0.114, 'compound': 0.9999}\n",
      "{'neg': 0.073, 'neu': 0.8, 'pos': 0.126, 'compound': 1.0}\n",
      "{'neg': 0.066, 'neu': 0.806, 'pos': 0.129, 'compound': 1.0}\n",
      "{'neg': 0.065, 'neu': 0.809, 'pos': 0.126, 'compound': 1.0}\n",
      "{'neg': 0.067, 'neu': 0.791, 'pos': 0.143, 'compound': 1.0}\n",
      "{'neg': 0.084, 'neu': 0.782, 'pos': 0.134, 'compound': 1.0}\n",
      "{'neg': 0.103, 'neu': 0.769, 'pos': 0.127, 'compound': 1.0}\n",
      "{'neg': 0.1, 'neu': 0.777, 'pos': 0.123, 'compound': 1.0}\n",
      "{'neg': 0.074, 'neu': 0.788, 'pos': 0.138, 'compound': 1.0}\n",
      "{'neg': 0.078, 'neu': 0.786, 'pos': 0.136, 'compound': 1.0}\n",
      "{'neg': 0.096, 'neu': 0.778, 'pos': 0.126, 'compound': 1.0}\n",
      "{'neg': 0.096, 'neu': 0.778, 'pos': 0.127, 'compound': 1.0}\n",
      "{'neg': 0.094, 'neu': 0.786, 'pos': 0.12, 'compound': 1.0}\n",
      "{'neg': 0.062, 'neu': 0.805, 'pos': 0.133, 'compound': 1.0}\n",
      "{'neg': 0.087, 'neu': 0.794, 'pos': 0.119, 'compound': 1.0}\n",
      "{'neg': 0.082, 'neu': 0.785, 'pos': 0.133, 'compound': 1.0}\n",
      "{'neg': 0.094, 'neu': 0.79, 'pos': 0.116, 'compound': 1.0}\n",
      "{'neg': 0.066, 'neu': 0.802, 'pos': 0.131, 'compound': 1.0}\n",
      "{'neg': 0.08, 'neu': 0.797, 'pos': 0.123, 'compound': 1.0}\n",
      "{'neg': 0.065, 'neu': 0.795, 'pos': 0.139, 'compound': 1.0}\n",
      "{'neg': 0.072, 'neu': 0.811, 'pos': 0.117, 'compound': 1.0}\n",
      "{'neg': 0.081, 'neu': 0.788, 'pos': 0.131, 'compound': 1.0}\n",
      "{'neg': 0.071, 'neu': 0.804, 'pos': 0.125, 'compound': 1.0}\n",
      "{'neg': 0.058, 'neu': 0.811, 'pos': 0.131, 'compound': 1.0}\n",
      "{'neg': 0.091, 'neu': 0.782, 'pos': 0.127, 'compound': 1.0}\n",
      "{'neg': 0.078, 'neu': 0.787, 'pos': 0.135, 'compound': 1.0}\n",
      "{'neg': 0.071, 'neu': 0.798, 'pos': 0.131, 'compound': 1.0}\n",
      "{'neg': 0.085, 'neu': 0.781, 'pos': 0.134, 'compound': 1.0}\n",
      "{'neg': 0.072, 'neu': 0.806, 'pos': 0.122, 'compound': 1.0}\n",
      "{'neg': 0.089, 'neu': 0.786, 'pos': 0.125, 'compound': 1.0}\n",
      "{'neg': 0.085, 'neu': 0.794, 'pos': 0.121, 'compound': 1.0}\n",
      "{'neg': 0.076, 'neu': 0.793, 'pos': 0.13, 'compound': 1.0}\n",
      "{'neg': 0.096, 'neu': 0.787, 'pos': 0.117, 'compound': 0.9999}\n",
      "{'neg': 0.074, 'neu': 0.798, 'pos': 0.127, 'compound': 1.0}\n",
      "{'neg': 0.082, 'neu': 0.789, 'pos': 0.13, 'compound': 1.0}\n",
      "{'neg': 0.07, 'neu': 0.796, 'pos': 0.135, 'compound': 1.0}\n",
      "{'neg': 0.088, 'neu': 0.8, 'pos': 0.112, 'compound': 0.9999}\n",
      "{'neg': 0.09, 'neu': 0.789, 'pos': 0.121, 'compound': 0.9999}\n",
      "{'neg': 0.082, 'neu': 0.787, 'pos': 0.131, 'compound': 1.0}\n",
      "{'neg': 0.083, 'neu': 0.789, 'pos': 0.128, 'compound': 1.0}\n",
      "{'neg': 0.087, 'neu': 0.803, 'pos': 0.111, 'compound': 0.9999}\n",
      "{'neg': 0.074, 'neu': 0.791, 'pos': 0.135, 'compound': 1.0}\n",
      "{'neg': 0.079, 'neu': 0.788, 'pos': 0.133, 'compound': 1.0}\n",
      "{'neg': 0.067, 'neu': 0.789, 'pos': 0.144, 'compound': 1.0}\n",
      "{'neg': 0.076, 'neu': 0.795, 'pos': 0.129, 'compound': 1.0}\n",
      "{'neg': 0.071, 'neu': 0.796, 'pos': 0.133, 'compound': 1.0}\n",
      "{'neg': 0.082, 'neu': 0.799, 'pos': 0.119, 'compound': 1.0}\n",
      "{'neg': 0.09, 'neu': 0.785, 'pos': 0.125, 'compound': 1.0}\n",
      "{'neg': 0.096, 'neu': 0.774, 'pos': 0.129, 'compound': 1.0}\n",
      "{'neg': 0.077, 'neu': 0.799, 'pos': 0.124, 'compound': 1.0}\n",
      "{'neg': 0.073, 'neu': 0.786, 'pos': 0.141, 'compound': 1.0}\n",
      "{'neg': 0.075, 'neu': 0.789, 'pos': 0.136, 'compound': 1.0}\n",
      "{'neg': 0.079, 'neu': 0.794, 'pos': 0.128, 'compound': 1.0}\n",
      "{'neg': 0.083, 'neu': 0.785, 'pos': 0.132, 'compound': 1.0}\n",
      "{'neg': 0.09, 'neu': 0.786, 'pos': 0.124, 'compound': 1.0}\n",
      "{'neg': 0.104, 'neu': 0.777, 'pos': 0.119, 'compound': 1.0}\n",
      "{'neg': 0.077, 'neu': 0.779, 'pos': 0.144, 'compound': 1.0}\n",
      "{'neg': 0.066, 'neu': 0.791, 'pos': 0.144, 'compound': 1.0}\n",
      "{'neg': 0.062, 'neu': 0.797, 'pos': 0.14, 'compound': 1.0}\n",
      "{'neg': 0.069, 'neu': 0.796, 'pos': 0.136, 'compound': 1.0}\n",
      "{'neg': 0.078, 'neu': 0.787, 'pos': 0.135, 'compound': 1.0}\n",
      "{'neg': 0.059, 'neu': 0.795, 'pos': 0.146, 'compound': 1.0}\n",
      "{'neg': 0.057, 'neu': 0.796, 'pos': 0.147, 'compound': 1.0}\n",
      "{'neg': 0.083, 'neu': 0.777, 'pos': 0.14, 'compound': 1.0}\n",
      "{'neg': 0.087, 'neu': 0.783, 'pos': 0.13, 'compound': 1.0}\n",
      "{'neg': 0.082, 'neu': 0.778, 'pos': 0.14, 'compound': 1.0}\n",
      "{'neg': 0.09, 'neu': 0.779, 'pos': 0.132, 'compound': 1.0}\n",
      "{'neg': 0.095, 'neu': 0.781, 'pos': 0.124, 'compound': 1.0}\n",
      "{'neg': 0.082, 'neu': 0.786, 'pos': 0.131, 'compound': 1.0}\n",
      "{'neg': 0.081, 'neu': 0.792, 'pos': 0.128, 'compound': 1.0}\n",
      "{'neg': 0.088, 'neu': 0.782, 'pos': 0.13, 'compound': 1.0}\n",
      "{'neg': 0.084, 'neu': 0.786, 'pos': 0.13, 'compound': 1.0}\n",
      "{'neg': 0.093, 'neu': 0.774, 'pos': 0.133, 'compound': 1.0}\n",
      "{'neg': 0.097, 'neu': 0.778, 'pos': 0.125, 'compound': 1.0}\n",
      "{'neg': 0.087, 'neu': 0.783, 'pos': 0.13, 'compound': 1.0}\n",
      "{'neg': 0.072, 'neu': 0.801, 'pos': 0.127, 'compound': 1.0}\n",
      "{'neg': 0.068, 'neu': 0.799, 'pos': 0.133, 'compound': 1.0}\n",
      "{'neg': 0.064, 'neu': 0.797, 'pos': 0.139, 'compound': 1.0}\n",
      "{'neg': 0.096, 'neu': 0.771, 'pos': 0.133, 'compound': 1.0}\n",
      "{'neg': 0.089, 'neu': 0.781, 'pos': 0.129, 'compound': 1.0}\n",
      "{'neg': 0.079, 'neu': 0.802, 'pos': 0.119, 'compound': 1.0}\n",
      "{'neg': 0.084, 'neu': 0.791, 'pos': 0.125, 'compound': 1.0}\n",
      "{'neg': 0.072, 'neu': 0.807, 'pos': 0.121, 'compound': 1.0}\n",
      "{'neg': 0.087, 'neu': 0.792, 'pos': 0.121, 'compound': 1.0}\n",
      "{'neg': 0.093, 'neu': 0.784, 'pos': 0.123, 'compound': 1.0}\n",
      "{'neg': 0.092, 'neu': 0.783, 'pos': 0.124, 'compound': 1.0}\n"
     ]
    },
    {
     "name": "stdout",
     "output_type": "stream",
     "text": [
      "{'neg': 0.092, 'neu': 0.784, 'pos': 0.124, 'compound': 1.0}\n",
      "{'neg': 0.091, 'neu': 0.774, 'pos': 0.135, 'compound': 1.0}\n",
      "{'neg': 0.086, 'neu': 0.785, 'pos': 0.129, 'compound': 1.0}\n",
      "{'neg': 0.083, 'neu': 0.788, 'pos': 0.128, 'compound': 1.0}\n",
      "{'neg': 0.084, 'neu': 0.788, 'pos': 0.129, 'compound': 1.0}\n",
      "{'neg': 0.069, 'neu': 0.802, 'pos': 0.13, 'compound': 1.0}\n",
      "{'neg': 0.088, 'neu': 0.798, 'pos': 0.114, 'compound': 1.0}\n",
      "{'neg': 0.099, 'neu': 0.784, 'pos': 0.117, 'compound': 1.0}\n",
      "{'neg': 0.084, 'neu': 0.792, 'pos': 0.124, 'compound': 1.0}\n",
      "{'neg': 0.097, 'neu': 0.786, 'pos': 0.118, 'compound': 1.0}\n",
      "{'neg': 0.096, 'neu': 0.794, 'pos': 0.11, 'compound': 0.9999}\n",
      "{'neg': 0.064, 'neu': 0.814, 'pos': 0.122, 'compound': 1.0}\n",
      "{'neg': 0.08, 'neu': 0.793, 'pos': 0.127, 'compound': 1.0}\n",
      "{'neg': 0.081, 'neu': 0.792, 'pos': 0.126, 'compound': 1.0}\n",
      "{'neg': 0.09, 'neu': 0.79, 'pos': 0.12, 'compound': 1.0}\n",
      "{'neg': 0.073, 'neu': 0.805, 'pos': 0.122, 'compound': 1.0}\n",
      "{'neg': 0.081, 'neu': 0.808, 'pos': 0.111, 'compound': 1.0}\n",
      "{'neg': 0.083, 'neu': 0.8, 'pos': 0.117, 'compound': 1.0}\n",
      "{'neg': 0.102, 'neu': 0.787, 'pos': 0.112, 'compound': 0.9999}\n",
      "{'neg': 0.085, 'neu': 0.793, 'pos': 0.122, 'compound': 1.0}\n",
      "{'neg': 0.074, 'neu': 0.801, 'pos': 0.125, 'compound': 1.0}\n",
      "{'neg': 0.097, 'neu': 0.788, 'pos': 0.115, 'compound': 0.9999}\n",
      "{'neg': 0.086, 'neu': 0.784, 'pos': 0.13, 'compound': 1.0}\n",
      "{'neg': 0.077, 'neu': 0.789, 'pos': 0.134, 'compound': 1.0}\n",
      "{'neg': 0.07, 'neu': 0.812, 'pos': 0.118, 'compound': 1.0}\n",
      "{'neg': 0.082, 'neu': 0.802, 'pos': 0.117, 'compound': 1.0}\n",
      "{'neg': 0.095, 'neu': 0.781, 'pos': 0.124, 'compound': 1.0}\n",
      "{'neg': 0.094, 'neu': 0.788, 'pos': 0.118, 'compound': 1.0}\n",
      "{'neg': 0.094, 'neu': 0.789, 'pos': 0.117, 'compound': 1.0}\n",
      "{'neg': 0.087, 'neu': 0.788, 'pos': 0.124, 'compound': 1.0}\n",
      "{'neg': 0.099, 'neu': 0.784, 'pos': 0.117, 'compound': 0.9999}\n",
      "{'neg': 0.093, 'neu': 0.789, 'pos': 0.118, 'compound': 1.0}\n",
      "{'neg': 0.095, 'neu': 0.786, 'pos': 0.119, 'compound': 0.9999}\n",
      "{'neg': 0.104, 'neu': 0.78, 'pos': 0.115, 'compound': 0.9999}\n",
      "{'neg': 0.081, 'neu': 0.792, 'pos': 0.127, 'compound': 1.0}\n",
      "{'neg': 0.083, 'neu': 0.802, 'pos': 0.115, 'compound': 0.9999}\n",
      "{'neg': 0.087, 'neu': 0.794, 'pos': 0.119, 'compound': 0.9999}\n",
      "{'neg': 0.101, 'neu': 0.78, 'pos': 0.119, 'compound': 0.9998}\n",
      "{'neg': 0.069, 'neu': 0.814, 'pos': 0.117, 'compound': 1.0}\n",
      "{'neg': 0.097, 'neu': 0.781, 'pos': 0.122, 'compound': 0.9999}\n",
      "{'neg': 0.076, 'neu': 0.797, 'pos': 0.127, 'compound': 1.0}\n",
      "{'neg': 0.081, 'neu': 0.791, 'pos': 0.128, 'compound': 1.0}\n",
      "{'neg': 0.073, 'neu': 0.809, 'pos': 0.117, 'compound': 1.0}\n",
      "{'neg': 0.067, 'neu': 0.8, 'pos': 0.133, 'compound': 1.0}\n",
      "{'neg': 0.068, 'neu': 0.778, 'pos': 0.154, 'compound': 1.0}\n",
      "{'neg': 0.09, 'neu': 0.791, 'pos': 0.119, 'compound': 1.0}\n",
      "{'neg': 0.088, 'neu': 0.767, 'pos': 0.144, 'compound': 1.0}\n",
      "{'neg': 0.08, 'neu': 0.789, 'pos': 0.131, 'compound': 1.0}\n",
      "{'neg': 0.069, 'neu': 0.795, 'pos': 0.136, 'compound': 1.0}\n",
      "{'neg': 0.073, 'neu': 0.794, 'pos': 0.133, 'compound': 1.0}\n",
      "{'neg': 0.059, 'neu': 0.817, 'pos': 0.124, 'compound': 1.0}\n",
      "{'neg': 0.068, 'neu': 0.79, 'pos': 0.142, 'compound': 1.0}\n",
      "{'neg': 0.075, 'neu': 0.807, 'pos': 0.118, 'compound': 1.0}\n",
      "{'neg': 0.075, 'neu': 0.798, 'pos': 0.127, 'compound': 1.0}\n",
      "{'neg': 0.075, 'neu': 0.796, 'pos': 0.129, 'compound': 0.9999}\n",
      "{'neg': 0.073, 'neu': 0.796, 'pos': 0.131, 'compound': 1.0}\n",
      "{'neg': 0.095, 'neu': 0.772, 'pos': 0.132, 'compound': 1.0}\n",
      "{'neg': 0.103, 'neu': 0.786, 'pos': 0.111, 'compound': 0.9998}\n",
      "{'neg': 0.073, 'neu': 0.797, 'pos': 0.131, 'compound': 1.0}\n",
      "{'neg': 0.097, 'neu': 0.774, 'pos': 0.13, 'compound': 1.0}\n",
      "{'neg': 0.085, 'neu': 0.772, 'pos': 0.142, 'compound': 1.0}\n",
      "{'neg': 0.08, 'neu': 0.801, 'pos': 0.119, 'compound': 0.9999}\n",
      "{'neg': 0.062, 'neu': 0.809, 'pos': 0.129, 'compound': 1.0}\n",
      "{'neg': 0.057, 'neu': 0.807, 'pos': 0.135, 'compound': 1.0}\n",
      "{'neg': 0.064, 'neu': 0.813, 'pos': 0.123, 'compound': 0.9999}\n",
      "{'neg': 0.08, 'neu': 0.786, 'pos': 0.134, 'compound': 0.9999}\n",
      "{'neg': 0.086, 'neu': 0.792, 'pos': 0.122, 'compound': 0.9999}\n",
      "{'neg': 0.08, 'neu': 0.779, 'pos': 0.141, 'compound': 1.0}\n",
      "{'neg': 0.062, 'neu': 0.814, 'pos': 0.123, 'compound': 0.9999}\n",
      "{'neg': 0.062, 'neu': 0.795, 'pos': 0.144, 'compound': 0.9999}\n",
      "{'neg': 0.101, 'neu': 0.784, 'pos': 0.115, 'compound': 0.9998}\n",
      "{'neg': 0.083, 'neu': 0.79, 'pos': 0.127, 'compound': 1.0}\n",
      "{'neg': 0.087, 'neu': 0.793, 'pos': 0.12, 'compound': 0.9999}\n",
      "{'neg': 0.076, 'neu': 0.788, 'pos': 0.136, 'compound': 1.0}\n",
      "{'neg': 0.084, 'neu': 0.795, 'pos': 0.121, 'compound': 0.9999}\n",
      "{'neg': 0.078, 'neu': 0.795, 'pos': 0.128, 'compound': 0.9999}\n",
      "{'neg': 0.092, 'neu': 0.787, 'pos': 0.121, 'compound': 0.9999}\n",
      "{'neg': 0.065, 'neu': 0.812, 'pos': 0.124, 'compound': 1.0}\n",
      "{'neg': 0.086, 'neu': 0.79, 'pos': 0.124, 'compound': 1.0}\n",
      "{'neg': 0.093, 'neu': 0.77, 'pos': 0.137, 'compound': 1.0}\n",
      "{'neg': 0.096, 'neu': 0.787, 'pos': 0.117, 'compound': 1.0}\n",
      "{'neg': 0.095, 'neu': 0.788, 'pos': 0.117, 'compound': 1.0}\n",
      "{'neg': 0.101, 'neu': 0.777, 'pos': 0.122, 'compound': 1.0}\n",
      "{'neg': 0.097, 'neu': 0.783, 'pos': 0.12, 'compound': 1.0}\n",
      "{'neg': 0.079, 'neu': 0.79, 'pos': 0.131, 'compound': 1.0}\n",
      "{'neg': 0.083, 'neu': 0.799, 'pos': 0.117, 'compound': 1.0}\n",
      "{'neg': 0.082, 'neu': 0.795, 'pos': 0.123, 'compound': 1.0}\n",
      "{'neg': 0.076, 'neu': 0.804, 'pos': 0.12, 'compound': 0.9999}\n",
      "{'neg': 0.077, 'neu': 0.805, 'pos': 0.117, 'compound': 1.0}\n",
      "{'neg': 0.071, 'neu': 0.813, 'pos': 0.116, 'compound': 1.0}\n",
      "{'neg': 0.079, 'neu': 0.79, 'pos': 0.132, 'compound': 0.9999}\n",
      "{'neg': 0.095, 'neu': 0.763, 'pos': 0.142, 'compound': 1.0}\n",
      "{'neg': 0.073, 'neu': 0.782, 'pos': 0.145, 'compound': 1.0}\n",
      "{'neg': 0.091, 'neu': 0.79, 'pos': 0.119, 'compound': 1.0}\n",
      "{'neg': 0.097, 'neu': 0.779, 'pos': 0.124, 'compound': 1.0}\n",
      "{'neg': 0.102, 'neu': 0.777, 'pos': 0.12, 'compound': 1.0}\n",
      "{'neg': 0.088, 'neu': 0.787, 'pos': 0.125, 'compound': 1.0}\n",
      "{'neg': 0.086, 'neu': 0.794, 'pos': 0.12, 'compound': 1.0}\n",
      "{'neg': 0.084, 'neu': 0.798, 'pos': 0.118, 'compound': 1.0}\n",
      "{'neg': 0.081, 'neu': 0.791, 'pos': 0.128, 'compound': 1.0}\n",
      "{'neg': 0.082, 'neu': 0.784, 'pos': 0.134, 'compound': 1.0}\n",
      "{'neg': 0.093, 'neu': 0.777, 'pos': 0.13, 'compound': 1.0}\n",
      "{'neg': 0.099, 'neu': 0.771, 'pos': 0.129, 'compound': 1.0}\n",
      "{'neg': 0.089, 'neu': 0.793, 'pos': 0.119, 'compound': 1.0}\n",
      "{'neg': 0.095, 'neu': 0.788, 'pos': 0.117, 'compound': 0.9999}\n",
      "{'neg': 0.069, 'neu': 0.796, 'pos': 0.135, 'compound': 1.0}\n",
      "{'neg': 0.084, 'neu': 0.802, 'pos': 0.115, 'compound': 0.9999}\n",
      "{'neg': 0.095, 'neu': 0.77, 'pos': 0.135, 'compound': 1.0}\n",
      "{'neg': 0.096, 'neu': 0.77, 'pos': 0.134, 'compound': 1.0}\n",
      "{'neg': 0.091, 'neu': 0.781, 'pos': 0.128, 'compound': 1.0}\n",
      "{'neg': 0.076, 'neu': 0.789, 'pos': 0.135, 'compound': 1.0}\n",
      "{'neg': 0.072, 'neu': 0.797, 'pos': 0.131, 'compound': 1.0}\n",
      "{'neg': 0.096, 'neu': 0.786, 'pos': 0.117, 'compound': 0.9999}\n",
      "{'neg': 0.072, 'neu': 0.79, 'pos': 0.138, 'compound': 1.0}\n",
      "{'neg': 0.072, 'neu': 0.785, 'pos': 0.143, 'compound': 1.0}\n",
      "{'neg': 0.087, 'neu': 0.782, 'pos': 0.13, 'compound': 1.0}\n",
      "{'neg': 0.083, 'neu': 0.78, 'pos': 0.136, 'compound': 1.0}\n",
      "{'neg': 0.077, 'neu': 0.799, 'pos': 0.123, 'compound': 1.0}\n",
      "{'neg': 0.081, 'neu': 0.795, 'pos': 0.123, 'compound': 0.9999}\n",
      "{'neg': 0.089, 'neu': 0.796, 'pos': 0.115, 'compound': 0.9999}\n",
      "{'neg': 0.085, 'neu': 0.775, 'pos': 0.139, 'compound': 1.0}\n",
      "{'neg': 0.076, 'neu': 0.795, 'pos': 0.129, 'compound': 1.0}\n",
      "{'neg': 0.11, 'neu': 0.758, 'pos': 0.132, 'compound': 0.9999}\n",
      "{'neg': 0.109, 'neu': 0.774, 'pos': 0.116, 'compound': 0.9982}\n",
      "{'neg': 0.115, 'neu': 0.76, 'pos': 0.125, 'compound': 0.9993}\n",
      "{'neg': 0.107, 'neu': 0.78, 'pos': 0.114, 'compound': 0.9987}\n",
      "{'neg': 0.101, 'neu': 0.782, 'pos': 0.117, 'compound': 0.9998}\n",
      "{'neg': 0.082, 'neu': 0.783, 'pos': 0.134, 'compound': 1.0}\n",
      "{'neg': 0.101, 'neu': 0.792, 'pos': 0.107, 'compound': 0.9982}\n",
      "{'neg': 0.084, 'neu': 0.789, 'pos': 0.128, 'compound': 0.9999}\n",
      "{'neg': 0.075, 'neu': 0.817, 'pos': 0.108, 'compound': 0.9998}\n",
      "{'neg': 0.06, 'neu': 0.791, 'pos': 0.149, 'compound': 1.0}\n",
      "{'neg': 0.062, 'neu': 0.814, 'pos': 0.124, 'compound': 1.0}\n",
      "{'neg': 0.077, 'neu': 0.803, 'pos': 0.12, 'compound': 1.0}\n",
      "{'neg': 0.061, 'neu': 0.784, 'pos': 0.155, 'compound': 1.0}\n",
      "{'neg': 0.088, 'neu': 0.794, 'pos': 0.118, 'compound': 0.9999}\n"
     ]
    },
    {
     "name": "stdout",
     "output_type": "stream",
     "text": [
      "{'neg': 0.078, 'neu': 0.786, 'pos': 0.137, 'compound': 1.0}\n",
      "{'neg': 0.085, 'neu': 0.778, 'pos': 0.137, 'compound': 0.9999}\n",
      "{'neg': 0.074, 'neu': 0.794, 'pos': 0.132, 'compound': 1.0}\n",
      "{'neg': 0.077, 'neu': 0.788, 'pos': 0.135, 'compound': 1.0}\n",
      "{'neg': 0.063, 'neu': 0.813, 'pos': 0.124, 'compound': 0.9999}\n",
      "{'neg': 0.068, 'neu': 0.797, 'pos': 0.135, 'compound': 1.0}\n",
      "{'neg': 0.075, 'neu': 0.788, 'pos': 0.137, 'compound': 1.0}\n",
      "{'neg': 0.071, 'neu': 0.811, 'pos': 0.118, 'compound': 1.0}\n",
      "{'neg': 0.068, 'neu': 0.801, 'pos': 0.131, 'compound': 1.0}\n",
      "{'neg': 0.079, 'neu': 0.79, 'pos': 0.131, 'compound': 1.0}\n",
      "{'neg': 0.086, 'neu': 0.782, 'pos': 0.132, 'compound': 1.0}\n",
      "{'neg': 0.081, 'neu': 0.79, 'pos': 0.129, 'compound': 0.9999}\n",
      "{'neg': 0.061, 'neu': 0.817, 'pos': 0.122, 'compound': 0.9999}\n",
      "{'neg': 0.078, 'neu': 0.791, 'pos': 0.131, 'compound': 0.9999}\n",
      "{'neg': 0.071, 'neu': 0.795, 'pos': 0.134, 'compound': 1.0}\n",
      "{'neg': 0.064, 'neu': 0.803, 'pos': 0.133, 'compound': 1.0}\n",
      "{'neg': 0.065, 'neu': 0.807, 'pos': 0.128, 'compound': 1.0}\n",
      "{'neg': 0.061, 'neu': 0.79, 'pos': 0.15, 'compound': 1.0}\n",
      "{'neg': 0.064, 'neu': 0.805, 'pos': 0.132, 'compound': 1.0}\n",
      "{'neg': 0.083, 'neu': 0.794, 'pos': 0.123, 'compound': 0.9999}\n",
      "{'neg': 0.073, 'neu': 0.803, 'pos': 0.125, 'compound': 0.9999}\n",
      "{'neg': 0.078, 'neu': 0.792, 'pos': 0.13, 'compound': 1.0}\n",
      "{'neg': 0.075, 'neu': 0.81, 'pos': 0.115, 'compound': 0.9999}\n",
      "{'neg': 0.07, 'neu': 0.8, 'pos': 0.13, 'compound': 0.9999}\n",
      "{'neg': 0.07, 'neu': 0.801, 'pos': 0.129, 'compound': 1.0}\n",
      "{'neg': 0.056, 'neu': 0.813, 'pos': 0.131, 'compound': 1.0}\n",
      "{'neg': 0.073, 'neu': 0.833, 'pos': 0.094, 'compound': 0.9996}\n",
      "{'neg': 0.085, 'neu': 0.796, 'pos': 0.119, 'compound': 1.0}\n",
      "{'neg': 0.097, 'neu': 0.786, 'pos': 0.118, 'compound': 0.9999}\n",
      "{'neg': 0.082, 'neu': 0.803, 'pos': 0.115, 'compound': 0.9999}\n",
      "{'neg': 0.084, 'neu': 0.802, 'pos': 0.114, 'compound': 0.9999}\n",
      "{'neg': 0.093, 'neu': 0.785, 'pos': 0.122, 'compound': 0.9999}\n",
      "{'neg': 0.087, 'neu': 0.784, 'pos': 0.129, 'compound': 1.0}\n",
      "{'neg': 0.089, 'neu': 0.804, 'pos': 0.107, 'compound': 0.9999}\n",
      "{'neg': 0.089, 'neu': 0.777, 'pos': 0.133, 'compound': 1.0}\n",
      "{'neg': 0.089, 'neu': 0.784, 'pos': 0.127, 'compound': 1.0}\n",
      "{'neg': 0.095, 'neu': 0.778, 'pos': 0.127, 'compound': 1.0}\n",
      "{'neg': 0.089, 'neu': 0.777, 'pos': 0.134, 'compound': 1.0}\n",
      "{'neg': 0.086, 'neu': 0.785, 'pos': 0.129, 'compound': 1.0}\n",
      "{'neg': 0.092, 'neu': 0.78, 'pos': 0.129, 'compound': 1.0}\n",
      "{'neg': 0.086, 'neu': 0.792, 'pos': 0.122, 'compound': 1.0}\n",
      "{'neg': 0.085, 'neu': 0.796, 'pos': 0.119, 'compound': 1.0}\n",
      "{'neg': 0.103, 'neu': 0.773, 'pos': 0.124, 'compound': 1.0}\n",
      "{'neg': 0.073, 'neu': 0.802, 'pos': 0.126, 'compound': 1.0}\n",
      "{'neg': 0.086, 'neu': 0.788, 'pos': 0.126, 'compound': 1.0}\n",
